
: P : [[[0,5],[0,5],[0,5],[0,6],[0,10]],
[[0,7],[0,7],[0,7],[0,7],[0,2]],
]

: : 1C  : [[[4,4],[4,4],[2,2],[3,3],[11,14]],
[[2,4],[2,4],[2,3],[4,4],[11,14]],
[[2,4],[2,4],[2,4],[5,5],[11,14]],
[[2,3],[2,3],[2,3],[6,6],[11,14]],
[[2,2],[2,2],[2,2],[7,7],[11,21]],
[[4,4],[4,4],[2,2],[3,3],[18,19]],
[[2,4],[2,4],[2,3],[4,4],[18,19]],
[[2,4],[2,4],[2,4],[5,5],[18,19]],
[[2,3],[2,3],[2,3],[6,6],[18,19]],
[[2,2],[2,2],[2,2],[7,7],[18,19]],
[[4,4],[4,4],[1,1],[4,4],[11,21]],
[[3,4],[3,4],[0,1],[5,5],[11,21]],
[[3,4],[0,1],[3,4],[5,5],[11,21]],
[[0,1],[3,4],[3,4],[5,5],[11,21]],
[[1,5],[1,5],[0,1],[6,6],[11,21]],
[[1,5],[0,1],[1,5],[6,6],[11,21]],
[[0,1],[1,5],[1,5],[6,6],[11,21]],
[[0,6],[0,6],[0,1],[7,7],[11,21]],
[[0,6],[0,1],[0,6],[7,7],[11,21]],
[[0,1],[0,6],[0,6],[7,7],[11,21]],
]

: : 1D : [[[3,4],[3,4],[3,3],[2,3],[11,14]],
[[2,4],[2,4],[4,7],[2,4],[11,14]],
[[3,4],[3,4],[3,3],[2,3],[18,19]],
[[2,4],[2,4],[4,7],[2,4],[18,19]],
[[2,2],[2,2],[7,7],[2,2],[11,21]],
[[0,1],[2,4],[4,7],[2,4],[11,21]],
[[2,4],[0,1],[4,7],[2,4],[11,21]],
[[2,4],[2,4],[4,7],[0,1],[11,21]],
[[0,1],[0,4],[5,7],[0,5],[11,21]],
[[0,4],[0,1],[5,7],[0,5],[11,21]],
[[0,4],[0,4],[5,7],[0,1],[11,21]],
[[0,2],[5,5],[6,7],[0,2],[11,21]],
[[5,5],[0,2],[6,7],[0,2],[11,21]],
[[0,2],[0,2],[6,7],[5,6],[11,21]],
]

: : 1H : [[[0,4],[5,7],[0,5],[0,5],[11,21]],
[[0,5],[6,7],[0,6],[0,6],[11,21]],
[[0,6],[7,7],[0,6],[0,6],[11,21]],
]

: : 1S : [[[5,5],[0,5],[0,5],[0,5],[11,21]],
[[6,7],[0,6],[0,6],[0,6],[11,21]],
]

: : 1N : [[[2,4],[2,4],[2,6],[2,6],[15,17]]]

: : 2C : [[[0,13],[0,13],[0,13],[0,13],[22,37]],
[[8,13],[0,5],[0,5],[0,5],[11,21]],
[[0,5],[8,13],[0,5],[0,5],[11,21]],
[[0,5],[0,5],[8,13],[0,5],[11,21]],
[[0,5],[0,5],[0,5],[8,13],[11,21]]
]

: : 2D : [[[0,5],[0,5],[6,6],[0,6],[3,10]]]

: : 2H : [[[0,5],[6,6],[0,6],[0,6],[3,10]]]

: : 2S : [[[6,6],[0,6],[0,6],[0,6],[3,10]]]

: : 2N : [[[2,4],[2,4],[2,6],[2,6],[20,21]]]

: : 3C : [[[0,6],[0,6],[0,6],[7,7],[3,10]]]

: : 3D : [[[0,6],[0,6],[7,7],[0,6],[3,10]]]

: : 3H : [[[0,6],[7,7],[0,6],[0,6],[3,10]]]

: : 3S : [[[7,7],[0,6],[0,6],[0,6],[3,10]]]

: : 4H : [[[0,5],[8,13],[0,5],[0,5],[0,10]]]

: : 4S : [[[8,13],[0,5],[0,5],[0,5],[0,10]]]

: : 5C : [[[0,5],[0,5],[0,5],[8,13],[0,10]]]

: : 5D : [[[0,5],[0,5],[8,13],[0,5],[0,10]]]


: 1D, P : P : [[[0,6],[0,6],[0,6],[0,6],[0,5]]]

: 1D, P : 1H : [[[0,4],[4,7],[0,6],[0,6],[6,16]]]

: 1D, P : 1S : [[[4,7],[0,3],[0,6],[0,6],[6,16]],
[[5,7],[4,4],[0,6],[0,6],[6,16]]]

: 1D, P : 1N : [[[2,3],[2,3],[1,3],[2,6],[6,9]]]

: 1D, P : 2C : [[[0,3],[0,3],[0,3],[4,7],[10,16]]]

: 1D, P : 2D : [[[0,3],[0,3],[4,7],[0,5],[6,9]]]

: 1D, P : 2H : [[[0,5],[5,13],[0,6],[0,6],[16,30]]]

: 1D, P : 2S : [[[5,13],[0,4],[0,6],[0,6],[16,30]]]

: 1D, P : 2N : [[[2,3],[2,3],[2,3],[2,6],[10,12]]]

: 1D, P : 3C : [[[0,4],[0,4],[0,5],[5,13],[16,30]]]

: 1D, P : 3D : [[[0,3],[0,3],[4,7],[0,5],[10,12]]]

: 1D, P : 3N : [[[2,3],[2,3],[1,3],[2,6],[13,15]]]